FIPST	SURVYEAR	STATENAME	TOTD9	AMD9	ASD9	HID9	BLD9	WHD9	HPD9	TRD9	TOTD10	AMD10	ASD10	HID10	BLD10	WHD10	HPD10	TRD10	TOTD11	AMD11	ASD11	HID11	BLD11	WHD11	HPD11	TRD11	TOTD12	AMD12	ASD12	HID12	BLD12	WHD12	HPD12	TRD12	TOTD912	TOTDAM	TOTDAS	TOTDHI	TOTDBL	TOTDWH	TOTDHP	TOTDTR	G9	G10	G11	G12	EBS912	EBSAM	EBSAS	EBSHI	EBSBL	EBSWH	EBSHP	EBSTR	DRP9	DRP10	DRP11	DRP12	DRP912	DRPAM	DRPAS	DRPHI	DRPBL	DRPWH	DRPHP	DRPTR	TOTDPL	AMDPL	ASDPL	HIDPL	BLDPL	WHDPL	HPDPL	TRDPL	AFGEB	AFGEBAM	AFGEBAS	AFGEBHI	AFGEBBL	AFGEBWH	AFGR	AFGRAM	AFGRAS	AFGRHI	AFGRBL	AFGRWH	TOTOHC	AMOHC	ASOHC	HIOHC	BLOHC	WHOHC	HPOHC	TROHC	EQUIV	AMEQUIV	ASEQUIV	HIEQUIV	BLEQUIV	WHEQUIV	HPEQUIV	TREQUIV	RACECAT
01	2008-09	Alabama	865	6	2	16	393	447	-2	-2	900	6	8	28	384	472	-2	-2	829	8	7	25	294	493	-2	-2	698	4	1	20	247	426	-2	-2	3292	24	18	89	1318	1838	-2	-2	64681	56559	49587	46763	217590	2073	2566	5650	79199	127753	-2	-2	1.3	1.6	1.7	1.5	1.5	1.2	0.7	1.6	1.7	1.4	-2.0	-2.0	42082	461	509	799	13884	26380	-2	-2	60169	544	564	1268	22315	35425	69.9	84.7	90.2	63.0	62.2	74.5	2168	17	12	81	1312	744	-2	-2	3316	38	19	59	573	2545	-2	-2	5
02	2008-09	Alaska	392	32	0	0	2	7	0	1	554	25	0	2	4	11	0	3	1032	28	0	1	1	11	0	1	926	29	1	1	1	9	0	0	2904	114	1	4	8	38	0	5	10475	10200	10937	9787	41399	9463	2367	2175	1465	22904	692	2333	3.7	5.4	9.4	9.5	7.0	1.2	0.0	0.2	0.5	0.2	0.0	0.2	8008	1508	469	364	283	4874	119	391	11034	2909	736	407	503	6478	72.6	51.8	79.9	89.4	56.3	75.2	271	95	25	17	9	91	18	16	599	150	14	33	29	349	9	-2	7
04	2008-09	Arizona	6684	578	131	3576	502	1897	-2	-2	5082	538	85	2330	370	1759	-2	-2	5976	549	104	2637	431	2255	-2	-2	8431	776	143	3870	602	3040	-2	-2	26173	2441	463	12413	1905	8951	-2	-2	83831	80200	75282	76735	316122	18964	9219	121397	18899	147642	-2	-2	8.0	6.3	7.9	11.0	8.3	12.9	5.0	10.2	10.1	6.1	-2.0	-2.0	62374	3346	2007	21607	3519	31895	-2	-2	85984	6218	2029	31210	4473	42053	72.5	53.8	98.9	69.2	78.7	75.8	0	0	0	0	0	0	-2	-2	3863	187	52	1010	216	2206	-2	-2	5
05	2008-09	Arkansas	872	7	9	83	326	446	-2	-2	1330	8	25	114	491	692	-2	-2	1739	15	24	150	505	1042	-2	-2	1699	16	24	95	466	1095	-2	-2	5641	46	82	442	1789	3275	-2	-2	37627	35853	33460	30256	137358	1026	2157	9501	31324	93351	-2	-2	2.3	3.7	5.2	5.6	4.1	4.5	3.8	4.7	5.7	3.5	-2.0	-2.0	28057	205	442	1599	5939	19872	-2	-2	37912	259	468	2113	8736	26335	74.0	79.2	94.4	75.7	68.0	75.5	-2	-2	-2	-2	-2	-2	-2	-2	3169	67	23	146	322	2591	-2	-2	5
06	2008-09	California	13479	-1	-1	-1	-1	-1	-1	-1	15275	-1	-1	-1	-1	-1	-1	-1	20057	-1	-1	-1	-1	-1	-1	-1	52377	-1	-1	-1	-1	-1	-1	-1	101188	1078	5474	57420	14710	19340	313	2853	539167	509157	489207	476156	2013687	15921	232091	933166	159379	608329	13276	51525	2.5	3.0	4.1	11.0	5.0	6.8	2.4	6.2	9.2	3.2	2.4	5.5	372310	2890	51875	147717	25420	134816	2826	6766	524273	4390	59551	239913	44048	166927	71.0	65.8	91.9	61.6	57.7	80.8	-2	-2	-2	-2	-2	-2	-2	-2	8634	104	368	3530	796	2733	155	-2	7
08	2008-09	Colorado	2584	61	57	1442	235	789	-2	-2	2721	63	38	1441	280	899	-2	-2	3649	92	49	1631	347	1530	-2	-2	5617	153	121	2285	572	2486	-2	-2	14571	369	265	6799	1434	5704	-2	-2	63779	60554	57870	55936	238139	3010	7858	59879	14881	152511	-2	-2	4.1	4.5	6.3	10.0	6.1	12.3	3.4	11.4	9.6	3.7	-2.0	-2.0	47459	466	1738	9364	2619	33272	-2	-2	61162	759	1804	15398	3750	39452	77.6	61.4	96.3	60.8	69.8	84.3	2918	56	38	817	233	1774	-2	-2	3568	90	68	903	276	2227	-2	-2	5
09	2008-09	Connecticut	1271	1	10	530	446	284	-2	-2	1233	3	18	479	380	353	-2	-2	1413	6	13	483	412	499	-2	-2	1475	4	16	476	443	536	-2	-2	5392	14	57	1968	1681	1672	-2	-2	47216	44485	42536	40743	174980	582	6009	26643	24717	117029	-2	-2	2.7	2.8	3.3	3.6	3.1	2.4	0.9	7.4	6.8	1.4	-2.0	-2.0	34968	77	1248	3861	4221	25561	-2	-2	46374	126	1410	6956	6645	31236	75.4	61.1	88.5	55.5	63.5	81.8	368	1	2	83	155	127	-2	-2	710	8	11	109	133	449	-2	-2	5
10	2008-09	Delaware	717	3	5	82	333	294	-2	-2	526	1	8	54	249	214	-2	-2	384	4	6	35	152	187	-2	-2	360	0	9	33	133	185	-2	-2	1987	8	28	204	867	880	-2	-2	11755	9953	8791	8120	38619	148	1244	3098	12623	21506	-2	-2	6.1	5.3	4.4	4.4	5.1	5.4	2.3	6.6	6.9	4.1	-2.0	-2.0	7839	31	246	522	2438	4602	-2	-2	10634	38	268	852	3648	5828	73.7	81.6	91.8	61.3	66.8	79.0	154	1	3	7	61	82	-2	-2	197	5	5	17	60	110	-2	-2	5
11	2008-09	District of Columbia	510	0	3	45	451	11	-2	-2	258	0	1	24	230	3	-2	-2	157	0	3	18	132	4	-2	-2	138	0	4	24	105	5	-2	-2	1246	0	12	135	1075	25	-2	-2	6334	4390	3723	3444	17898	-1	227	1622	15517	520	-2	-2	8.1	5.9	4.2	4.0	7.0	-1.0	5.3	8.3	6.9	4.8	-2.0	-2.0	3517	2	55	245	3084	131	-2	-2	5635	2	65	489	4911	169	62.4	100.0	84.6	50.1	62.8	77.5	-1	-1	-1	-1	-1	-1	-2	-2	164	5	5	12	126	16	-2	-2	5
12	2008-09	Florida	5268	20	29	1424	2143	1554	-2	-2	5325	13	43	1463	2118	1598	-2	-2	5133	15	46	1300	1915	1761	-2	-2	4883	17	57	1276	1702	1742	-2	-2	20609	65	175	5463	7878	6655	-2	-2	217105	207296	189619	167705	781725	2266	19521	183387	181830	373847	-2	-2	2.4	2.6	2.7	2.9	2.6	2.9	0.9	3.0	4.3	1.8	-2.0	-2.0	153461	451	4436	34079	32167	78933	-2	-2	222578	659	4719	50957	53777	110970	68.9	68.4	94.0	66.9	59.8	71.1	7073	14	145	2518	3197	1098	-2	-2	14182	110	215	2239	1976	9632	-2	-2	5
13	2008-09	Georgia	6499	0	44	577	3624	2101	-2	-2	5659	4	70	527	2690	2238	-2	-2	4585	6	67	314	2199	1880	-2	-2	3199	7	85	253	1433	1342	-2	-2	19942	17	266	1671	9946	7561	-2	-2	143933	124006	106038	96131	470108	755	15036	35294	187195	221189	-2	-2	4.5	4.6	4.3	3.3	4.2	2.3	1.8	4.7	5.3	3.4	-2.0	-2.0	88003	140	3101	5052	31949	45921	-2	-2	129797	184	3297	8933	52176	62866	67.8	76.1	94.1	56.6	61.2	73.0	5787	8	108	498	3449	1663	-2	-2	5766	30	71	231	1481	3345	-2	-2	5
15	2008-09	Hawaii	561	3	383	30	14	131	-2	-2	748	7	535	30	14	131	-2	-2	645	4	450	31	8	152	-2	-2	644	5	484	28	15	112	-2	-2	2598	19	1852	119	51	526	-2	-2	16079	13889	12187	11326	53535	288	39828	2467	1100	9852	-2	-2	3.5	5.4	5.3	5.7	4.9	6.6	4.6	4.8	4.6	5.3	-2.0	-2.0	11508	57	8673	487	226	2065	-2	-2	15292	74	11301	686	300	2931	75.3	77.0	76.7	71.0	75.3	70.5	256	1	193	15	4	43	-2	-2	797	9	439	50	17	250	-2	-2	5
16	2008-09	Idaho	220	3	4	43	2	168	-2	-2	296	10	4	79	5	198	-2	-2	400	14	7	103	3	273	-2	-2	422	8	14	94	3	303	-2	-2	1338	35	29	319	13	942	-2	-2	21686	20874	20111	18826	81497	1309	1468	10293	992	67406	-2	-2	1.0	1.4	2.0	2.2	1.6	2.7	2.0	3.1	1.3	1.4	-2.0	-2.0	16807	198	297	1778	181	14353	-2	-2	20850	322	307	2445	197	17580	80.6	61.5	96.7	72.7	91.9	81.6	88	0	20	5	0	63	-2	-2	1496	52	18	190	15	1070	-2	-2	5
17	2008-09	Illinois	20908	41	762	4165	7362	8134	-2	-2	17454	49	335	3852	7587	5314	-2	-2	14537	42	350	2844	5073	5963	-2	-2	20581	67	609	4097	5722	9817	-2	-2	73480	199	2056	14958	25744	29228	-2	-2	178106	168476	146134	147796	640512	1303	25022	111676	128420	363672	-2	-2	11.7	10.4	9.9	13.9	11.5	15.3	8.2	13.4	20.0	8.0	-2.0	-2.0	131670	242	5600	19616	21887	82749	-2	-2	169361	343	6029	28531	36023	96572	77.7	70.6	92.9	68.8	60.8	85.7	319	2	12	31	71	198	-2	-2	4917	28	96	757	862	2790	-2	-2	5
18	2008-09	Indiana	484	1	8	41	162	253	-2	-2	799	6	17	64	170	516	-2	-2	1494	11	8	115	270	1055	-2	-2	2652	8	11	166	426	1985	-2	-2	5429	26	44	386	1028	3809	-2	-2	84538	81245	77354	72989	316126	872	4238	17038	37687	247831	-2	-2	0.6	1.0	1.9	3.6	1.7	3.0	1.0	2.3	2.7	1.5	-2.0	-2.0	63663	140	834	2700	6070	52568	-2	-2	84649	204	834	4043	10764	68188	75.2	68.6	100.0	66.8	56.4	77.1	-2	-2	-2	-2	-2	-2	-2	-2	3652	35	20	164	386	2967	-2	-2	5
19	2008-09	Iowa	301	6	4	43	68	180	-2	-2	667	5	11	68	113	470	-2	-2	1257	12	20	117	135	973	-2	-2	2557	29	38	217	294	1979	-2	-2	4782	52	73	445	610	3602	-2	-2	38048	38116	37779	38050	151993	872	3036	8399	7726	131960	-2	-2	0.8	1.7	3.3	6.7	3.1	6.0	2.4	5.3	7.9	2.7	-2.0	-2.0	33926	154	657	1353	1344	30418	-2	-2	39571	242	670	1970	1879	34810	85.7	63.6	98.1	68.7	71.5	87.4	107	-1	18	4	4	81	-2	-2	1250	19	23	87	142	974	-2	-2	5
20	2008-09	Kansas	427	11	10	98	71	223	-2	-2	678	13	8	129	101	407	-2	-2	774	23	12	108	94	511	-2	-2	1016	19	15	149	113	699	-2	-2	2895	66	45	484	379	1840	-2	-2	37354	35662	33803	32267	140032	2188	3591	15962	12265	104339	-2	-2	1.1	1.9	2.3	3.1	2.1	3.0	1.3	3.0	3.1	1.8	-2.0	-2.0	30368	418	739	2655	2321	23569	-2	-2	37847	606	841	4182	3487	28156	80.2	69.0	87.9	63.5	66.6	83.7	121	2	3	17	34	64	-2	-2	1266	35	15	136	109	960	-2	-2	5
21	2008-09	Kentucky	1222	1	13	49	231	903	-2	-2	1566	3	9	40	296	1192	-2	-2	1642	3	13	38	311	1258	-2	-2	1243	1	10	34	223	954	-2	-2	5673	8	45	161	1061	4307	-2	-2	55766	51925	46731	43326	197825	265	2013	4015	22207	166848	-2	-2	2.2	3.0	3.5	2.9	2.9	3.0	2.2	4.0	4.8	2.6	-2.0	-2.0	41851	6	417	710	4213	36044	-2	-2	53909	83	421	885	5998	46334	77.6	7.2	99.0	80.2	70.2	77.8	384	-1	1	4	65	311	-2	-2	2739	18	20	64	361	2275	-2	-2	5
22	2008-09	Louisiana	4593	14	22	135	2999	1423	-2	-2	2914	26	23	100	1740	1025	-2	-2	2461	28	27	77	1267	1062	-2	-2	2314	22	21	62	1405	804	-2	-2	12282	90	93	374	7411	4314	-2	-2	56174	44525	41727	38234	180660	1373	2993	4396	79213	92685	-2	-2	8.2	6.5	5.9	6.1	6.8	6.6	3.1	8.5	9.4	4.7	-2.0	-2.0	35622	287	682	718	14346	19589	-2	-2	52954	410	724	975	24067	26778	67.3	70.0	94.2	73.6	59.6	73.2	5172	49	35	81	2492	2515	-2	-2	3559	45	23	76	805	2576	-2	-2	5
23	2008-09	Maine	140	6	0	5	3	126	-2	-2	268	6	2	3	6	251	-2	-2	507	10	4	3	13	477	-2	-2	1349	22	19	17	43	1248	-2	-2	2264	44	25	28	65	2102	-2	-2	15980	15918	16290	15423	63611	493	891	642	1455	60130	-2	-2	0.9	1.7	3.1	8.7	3.6	8.9	2.8	4.4	4.5	3.5	-2.0	-2.0	14093	90	216	116	274	13397	-2	-2	16166	94	189	138	278	15467	79.9	-1.0	-1.0	-1.0	-1.0	-1.0	144	3	0	6	3	132	-2	-2	818	16	5	34	40	693	-2	-2	5
24	2008-09	Maryland	2394	18	26	236	1455	659	-2	-2	2157	15	30	232	1123	757	-2	-2	1669	5	51	180	700	733	-2	-2	1709	12	50	198	718	731	-2	-2	7929	50	157	846	3996	2880	-2	-2	75743	67829	62900	60916	267388	940	14838	20701	103362	127547	-2	-2	3.2	3.2	2.7	2.8	3.0	5.3	1.1	4.1	3.9	2.3	-2.0	-2.0	58304	186	3426	3842	20581	30269	-2	-2	72759	260	3468	5005	28664	35363	80.1	71.5	98.8	76.8	71.8	85.6	698	2	18	43	331	304	-2	-2	1791	19	27	83	457	1020	-2	-2	5
25	2008-09	Massachusetts	2185	11	66	919	374	772	4	39	2159	16	57	794	371	879	3	39	2096	3	69	616	342	1017	3	46	2145	5	49	571	363	1124	2	31	8585	35	241	2900	1450	3792	12	155	79315	73214	71514	68329	292593	821	13872	38836	26036	208187	316	4524	2.8	2.9	2.9	3.1	2.9	4.3	1.7	7.5	5.6	1.8	3.8	3.4	65258	171	3230	6972	5240	48694	49	902	78386	225	3514	10302	7094	56559	83.3	76.0	93.3	67.7	73.9	86.1	864	1	33	317	168	329	2	14	2744	16	82	440	237	1503	6	-2	7
26	2008-09	Michigan	4493	59	27	308	2540	1522	-2	-2	5494	77	45	346	2483	2490	-2	-2	4789	77	56	223	1826	2565	-2	-2	5938	111	72	285	2001	3425	-2	-2	20714	324	200	1162	8850	10002	-2	-2	141910	139487	127703	126352	541231	5024	12523	20883	111650	387087	-2	-2	3.2	3.9	3.8	4.7	3.8	6.4	1.6	5.6	7.9	2.6	-2.0	-2.0	112742	873	2812	3538	19219	85642	-2	-2	149640	1349	2975	5780	32878	105828	75.3	64.7	94.5	61.2	58.5	80.9	416	7	19	28	43	317	-2	-2	2889	57	32	183	516	1908	-2	-2	5
27	2008-09	Minnesota	443	50	19	133	157	84	-2	-2	566	84	20	114	142	206	-2	-2	959	134	45	116	202	462	-2	-2	3209	224	226	314	692	1753	-2	-2	5177	492	310	677	1193	2505	-2	-2	66019	67634	68009	74202	275864	5793	16318	13430	25248	215075	-2	-2	0.7	0.8	1.4	4.3	1.9	8.5	1.9	5.0	4.7	1.2	-2.0	-2.0	59729	901	3407	1997	3969	49455	-2	-2	68329	1590	3767	3125	5742	54105	87.4	56.7	90.4	63.9	69.1	91.4	-2	-2	-2	-2	-2	-2	-2	-2	1123	67	28	39	162	696	-2	-2	5
28	2008-09	Mississippi	1379	1	5	19	1004	350	0	0	1498	1	7	17	960	513	0	0	1285	3	6	19	711	546	0	0	1094	3	6	7	630	448	0	0	5835	9	24	66	3711	2024	0	0	40518	36784	31327	28288	139135	233	1270	2052	71723	63850	7	0	3.4	4.1	4.1	3.9	4.2	3.9	1.9	3.2	5.2	3.2	0.0	-2.0	24505	37	237	313	11837	12079	2	0	39536	75	299	462	20214	18485	62.0	49.3	79.9	67.7	58.6	65.3	2213	2	3	12	1483	713	-1	-1	3359	30	14	50	758	2390	5	-2	7
29	2008-09	Missouri	2816	14	29	100	1606	1067	-2	-2	2900	6	17	102	1160	1615	-2	-2	3171	30	27	103	983	2028	-2	-2	3334	16	29	102	1123	2064	-2	-2	12221	66	102	407	4872	6774	-2	-2	75220	71882	69092	66266	282460	1312	4604	8224	50964	217356	-2	-2	3.7	4.0	4.6	5.0	4.3	5.0	2.2	4.9	9.6	3.1	-2.0	-2.0	62969	271	1058	1591	10111	49938	-2	-2	75801	325	1025	1981	14171	58299	83.1	83.4	100.0	80.3	71.3	85.7	-2	-2	-2	-2	-2	-2	-2	-2	3909	43	41	126	427	2983	-2	-2	5
30	2008-09	Montana	370	149	2	21	7	191	-2	-2	559	131	2	18	3	405	-2	-2	648	141	6	31	5	465	-2	-2	695	138	9	18	12	518	-2	-2	2272	559	19	88	27	1579	-2	-2	11890	11326	11144	10670	45030	4537	546	1054	361	38532	-2	-2	3.1	4.9	5.8	6.5	5.0	12.3	3.5	8.3	7.5	4.1	-2.0	-2.0	10077	863	115	190	65	8844	-2	-2	12291	1368	125	248	88	10462	82.0	63.1	92.0	76.6	73.9	84.5	-2	-2	-2	-2	-2	-2	-2	-2	1036	85	13	55	19	793	-2	-2	5
31	2008-09	Nebraska	304	11	5	88	93	107	-2	-2	499	20	6	117	103	253	-2	-2	590	22	4	132	82	350	-2	-2	785	25	14	119	130	497	-2	-2	2178	78	29	456	408	1207	-2	-2	23137	22496	21799	22246	89678	1412	1753	9722	6762	70029	-2	-2	1.3	2.2	2.7	3.5	2.4	5.5	1.7	4.7	6.0	1.7	-2.0	-2.0	19501	227	328	1617	1054	16275	-2	-2	23522	403	355	2417	1860	18487	82.9	56.3	92.4	66.9	56.7	88.0	157	1	2	17	14	123	-2	-2	684	22	7	82	55	503	-2	-2	5
32	2008-09	Nevada	1769	-1	-1	-1	-1	-1	-2	-2	1547	-1	-1	-1	-1	-1	-2	-2	1046	-1	-1	-1	-1	-1	-2	-2	1979	-1	-1	-1	-1	-1	-2	-2	6341	114	359	2704	1033	2131	-2	-2	41768	34224	25712	23330	125117	1962	10538	40860	14864	56894	-2	-2	4.2	4.5	4.1	8.5	5.1	5.8	3.4	6.6	6.9	3.7	-2.0	-2.0	19904	264	2054	5014	1849	10723	-2	-2	35336	-1	-1	-1	-1	-1	56.3	-1.0	-1.0	-1.0	-1.0	-1.0	-1	-1	-1	-1	-1	-1	-2	-2	1566	36	60	336	126	758	-2	-2	5
33	2008-09	New Hampshire	19	0	0	1	2	16	-2	-2	82	0	1	5	6	70	-2	-2	254	1	4	13	13	223	-2	-2	771	5	3	21	44	698	-2	-2	1126	6	8	40	65	1007	-2	-2	17244	16260	16016	15419	64939	193	1198	1908	1091	60549	-2	-2	0.1	0.5	1.6	5.0	1.7	3.1	0.7	2.1	6.0	1.7	-2.0	-2.0	14757	38	276	192	359	13892	-2	-2	17510	49	269	461	228	16498	84.3	77.6	100.0	41.6	100.0	84.2	413	5	13	17	17	361	-2	-2	548	7	7	15	6	493	-2	-2	5
34	2008-09	New Jersey	1768	5	23	689	760	291	0	0	1533	4	11	537	553	427	0	1	1491	4	36	431	465	551	3	1	1494	6	38	391	419	638	0	2	6926	23	109	2199	2503	2085	3	4	107770	104922	99293	97515	425555	664	32463	76343	74226	240272	867	581	1.6	1.5	1.5	1.5	1.6	3.5	0.3	2.9	3.4	0.9	0.3	0.7	95085	136	7502	14808	15220	56875	274	270	111411	193	7848	19446	20060	63859	85.3	70.5	99.1	76.1	75.9	89.1	-2	-2	-2	-2	-2	-2	-2	-2	2750	17	64	634	566	1379	9	-2	7
35	2008-09	New Mexico	1409	283	8	794	34	290	-2	-2	1547	245	13	855	45	389	-2	-2	1133	190	11	582	29	321	-2	-2	715	180	7	356	27	145	-2	-2	4804	898	39	2587	135	1145	-2	-2	30191	26530	22169	19940	98830	12627	1272	51960	2611	30360	-2	-2	4.7	5.8	5.1	3.6	4.9	7.1	3.1	5.0	5.2	3.8	-2.0	-2.0	17931	2118	277	8760	478	6298	-2	-2	27675	3537	297	14436	709	8697	64.8	59.9	93.3	60.7	67.4	72.4	454	111	7	291	16	29	-2	-2	2197	167	35	946	52	891	-2	-2	5
36	2008-09	New York	8244	52	311	3123	3354	1380	-2	-2	10535	74	494	3764	4135	2037	-2	-2	7501	68	372	2290	2388	2359	-2	-2	9784	71	453	3142	2961	3129	-2	-2	36790	270	1644	12564	13120	9085	-2	-2	235589	224040	194312	185896	875179	4016	65478	177843	172703	453706	-2	-2	3.5	4.7	3.9	5.3	4.2	6.7	2.5	7.1	7.6	2.0	-2.0	-2.0	180917	646	14346	29529	30441	105632	-2	-2	245982	1066	16226	51409	52362	124063	73.5	60.6	88.4	57.4	58.1	85.1	5937	37	157	1284	1837	2617	-2	-2	8109	76	269	1286	1290	3845	-2	-2	5
37	2008-09	North Carolina	7311	157	49	984	2994	2937	-2	-2	6168	157	70	664	2241	2894	-2	-2	5633	99	53	455	1865	3040	-2	-2	3854	37	41	262	1164	2264	-2	-2	22966	450	213	2365	8264	11135	-2	-2	131515	111292	98188	88724	429719	5846	10152	32303	138078	243340	-2	-2	5.6	5.5	5.7	4.3	5.3	7.7	2.1	7.3	6.0	4.6	-2.0	-2.0	86712	1102	2088	5067	24103	52487	-2	-2	115487	1640	2238	7622	37084	66156	75.1	67.2	93.3	66.5	65.0	79.3	1497	36	41	123	751	533	-2	-2	4049	51	34	199	780	2566	-2	-2	5
38	2008-09	North Dakota	78	31	0	6	1	40	-2	-2	186	63	0	11	10	102	-2	-2	210	70	1	3	9	127	-2	-2	283	69	2	6	9	197	-2	-2	757	233	3	26	29	466	-2	-2	7687	7856	7622	7608	30773	2684	300	500	525	26764	-2	-2	1.0	2.4	2.8	3.7	2.5	8.7	1.0	5.2	5.5	1.7	-2.0	-2.0	7232	423	75	89	138	6507	-2	-2	8270	808	80	123	114	7145	87.4	52.4	93.8	72.4	100.0	91.1	-2	-2	-2	-2	-2	-2	-2	-2	394	79	5	14	11	268	-2	-2	5
39	2008-09	Ohio	7228	26	32	344	3753	2751	-2	-2	3915	10	23	166	1634	1939	-2	-2	4767	12	17	168	1559	2840	-2	-2	8199	18	68	321	2663	4887	-2	-2	24109	66	140	999	9609	12417	-2	-2	160269	143494	139384	134522	577669	863	8138	12829	97063	444623	-2	-2	4.5	2.7	3.4	6.1	4.2	7.6	1.7	7.8	9.9	2.8	-2.0	-2.0	122203	188	1835	2113	15630	100117	-2	-2	153528	224	1859	3200	27494	117870	79.6	83.9	98.7	66.0	56.8	84.9	-2	-2	-2	-2	-2	-2	-2	-2	2956	9	13	87	490	1632	-2	-2	5
40	2008-09	Oklahoma	966	186	18	153	146	463	-2	-2	1176	243	11	161	141	620	-2	-2	1261	232	23	140	130	736	-2	-2	1059	211	26	92	92	638	-2	-2	4462	872	78	546	509	2457	-2	-2	48896	45894	43091	38798	177132	33936	4015	14677	19135	105369	-2	-2	2.0	2.6	2.9	2.7	2.5	2.6	1.9	3.7	2.7	2.3	-2.0	-2.0	37219	7034	902	2664	3643	22976	-2	-2	48143	9315	839	3614	5305	29070	77.3	75.5	100.0	73.7	68.7	79.0	-2	-2	-2	-2	-2	-2	-2	-2	2062	324	18	105	153	1360	-2	-2	5
41	2008-09	Oregon	557	11	23	131	36	333	-2	-2	902	44	25	203	45	554	-2	-2	1602	66	41	376	91	967	-2	-2	3071	124	110	638	158	1905	-2	-2	6132	245	199	1348	330	3759	-2	-2	44640	44681	44531	46120	179972	3828	8448	26394	5390	129660	-2	-2	1.2	2.0	3.6	6.7	3.4	6.4	2.4	5.1	6.1	2.9	-2.0	-2.0	35138	693	1695	4250	826	26558	-2	-2	45944	1112	1888	6012	1351	34312	76.5	62.3	89.8	70.7	61.1	77.4	1369	37	94	149	60	955	-2	-2	3689	133	93	375	148	2759	-2	-2	5
42	2008-09	Pennsylvania	2403	8	65	579	1049	683	-2	-2	3255	2	48	657	1104	1426	-2	-2	3311	13	46	468	858	1910	-2	-2	4409	9	59	466	972	2876	-2	-2	13519	32	218	2176	3995	7014	-2	-2	153341	149052	140191	136937	580304	931	14997	36941	87643	437244	-2	-2	1.6	2.2	2.4	3.2	2.3	3.4	1.5	5.9	4.6	1.6	-2.0	-2.0	130658	169	3428	6509	16424	103712	-2	-2	162243	233	3451	9968	25643	122948	80.5	72.5	99.3	65.3	64.0	84.4	-2	-2	-2	-2	-2	-2	-2	-2	4077	23	62	461	878	2143	-2	-2	5
44	2008-09	Rhode Island	577	2	24	196	88	267	-2	-2	581	6	12	200	77	286	-2	-2	476	6	13	121	60	276	-2	-2	452	3	5	72	52	320	-2	-2	2086	17	54	589	277	1149	-2	-2	13614	12203	10833	10709	47359	314	1461	8213	4430	32941	-2	-2	4.2	4.8	4.4	4.2	4.4	5.4	3.7	7.2	6.3	3.5	-2.0	-2.0	10028	63	286	1519	836	7324	-2	-2	13313	83	378	2259	1185	9409	75.3	75.9	75.7	67.2	70.5	77.8	3	-1	-1	1	-1	2	-2	-2	477	5	19	93	46	315	-2	-2	5
45	2008-09	South Carolina	2072	15	14	106	999	935	-2	-2	1972	12	12	86	880	970	-2	-2	1717	7	10	64	688	937	-2	-2	1313	9	5	56	473	763	-2	-2	7074	43	41	312	3040	3605	-2	-2	64674	55294	47354	43189	210511	685	2998	8021	83874	114224	-2	-2	3.2	3.6	3.6	3.0	3.4	6.3	1.4	3.9	3.6	3.2	-2.0	-2.0	39114	107	605	1227	14541	22453	-2	-2	59274	170	670	1917	24677	31371	66.0	62.9	90.3	64.0	58.9	71.6	-1	-1	-1	-1	-1	-1	-2	-2	2231	18	19	51	538	1542	-2	-2	5
46	2008-09	South Dakota	97	50	0	8	2	37	-2	-2	194	75	3	7	2	107	-2	-2	176	72	1	5	1	97	-2	-2	216	41	0	11	2	162	-2	-2	683	238	4	31	7	403	-2	-2	10580	10357	9184	8831	38952	3855	500	881	838	32878	-2	-2	0.9	1.9	1.9	2.4	1.8	6.2	0.8	3.5	0.8	1.2	-2.0	-2.0	8123	554	99	137	141	7192	-2	-2	9943	1018	100	206	165	8454	81.7	54.4	99.0	66.5	85.5	85.1	-2	-2	-2	-2	-2	-2	-2	-2	460	93	5	22	13	327	-2	-2	5
47	2008-09	Tennessee	1558	2	16	125	1081	334	-2	-2	1815	2	13	94	1116	590	-2	-2	2437	6	18	83	1095	1235	-2	-2	3276	6	24	106	1405	1735	-2	-2	9086	16	71	408	4697	3894	-2	-2	78675	74858	68562	65306	287401	594	4301	10580	73162	198762	-2	-2	2.0	2.4	3.6	5.0	3.2	2.7	1.7	3.9	6.4	2.0	-2.0	-2.0	60368	109	916	1762	14221	43360	-2	-2	77980	131	937	2370	19917	54623	77.4	83.2	97.8	74.3	71.4	79.4	2331	7	8	49	875	1392	-2	-2	2847	23	21	69	337	2265	-2	-2	5
48	2008-09	Texas	7627	18	69	4625	1794	1121	-2	-2	9597	23	90	5670	2256	1558	-2	-2	8016	21	81	4438	1781	1695	-2	-2	16153	41	233	9326	3735	2818	-2	-2	41393	103	473	24059	9566	7192	-2	-2	389217	332620	303492	280308	1305637	4613	46758	569104	193082	492080	-2	-2	2.0	2.9	2.6	5.8	3.2	2.2	1.0	4.2	5.0	1.5	-2.0	-2.0	264275	961	10462	104854	35982	112016	-2	-2	350368	1174	10277	150601	52919	135397	75.4	81.9	100.0	69.6	68.0	82.7	-2	-2	-2	-2	-2	-2	-2	-2	9549	89	123	3648	1004	4320	-2	-2	5
49	2008-09	Utah	262	19	2	88	7	146	-2	-2	687	31	15	203	12	422	-2	-2	1260	43	31	334	26	823	-2	-2	2841	98	103	710	69	1853	-2	-2	5050	191	151	1335	114	3244	-2	-2	39511	38991	38989	37818	155309	2584	5317	19978	2135	124727	-2	-2	0.7	1.8	3.2	7.5	3.3	7.4	2.8	6.7	5.3	2.6	-2.0	-2.0	30463	420	1086	2707	344	25801	-2	-2	38366	668	1189	4425	489	31594	79.4	62.9	91.3	61.2	70.3	81.7	602	8	25	124	18	425	-2	-2	2230	54	68	332	80	1696	-2	-2	5
50	2008-09	Vermont	95	-1	-1	-1	-1	-1	-1	-1	181	-1	-1	-1	-1	-1	-1	-1	252	-1	-1	-1	-1	-1	-1	-1	256	-1	-1	-1	-1	-1	-1	-1	784	-1	-1	-1	-1	-1	-1	-1	7754	7574	7783	7520	30631	149	390	319	443	29007	37	286	1.2	2.4	3.2	3.4	2.6	-1.0	-1.0	-1.0	-1.0	-1.0	-1.0	-1.0	7209	39	137	61	99	6822	13	38	8048	47	115	75	117	7660	89.6	83.0	100.0	81.3	84.6	89.1	-2	-2	-2	-2	-2	-2	-2	-2	387	6	5	52	43	259	5	-2	7
51	2008-09	Virginia	2097	6	32	377	1018	622	-2	-2	2173	6	60	349	998	743	-2	-2	2334	6	65	419	921	897	-2	-2	2848	20	78	323	959	1424	-2	-2	9452	38	235	1468	3896	3686	-2	-2	106252	97466	89892	87177	380787	1189	21246	29239	100317	222225	-2	-2	2.0	2.2	2.6	3.3	2.5	3.2	1.1	5.0	3.9	1.7	-2.0	-2.0	79651	240	4758	4960	18961	49490	-2	-2	101607	301	4789	6910	28230	60110	78.4	79.7	99.4	71.8	67.2	82.3	8294	28	155	530	3089	4382	-2	-2	5570	31	115	330	1368	3520	-2	-2	5
53	2008-09	Washington	3075	151	219	762	386	1449	-2	-2	3115	168	182	653	296	1714	-2	-2	4046	207	199	702	305	2517	-2	-2	5273	269	284	740	351	3500	-2	-2	15509	795	884	2857	1338	9180	-2	-2	87546	83254	81508	79916	332224	8442	28565	42793	18510	227359	-2	-2	3.5	3.7	5.0	6.6	4.7	9.4	3.1	6.7	7.2	4.0	-2.0	-2.0	62764	1217	5860	6398	2961	45496	-2	-2	85123	2373	6686	10144	4880	60390	73.7	51.3	87.6	63.1	60.7	75.3	397	12	27	36	40	273	-2	-2	4177	223	216	454	285	2870	-2	-2	5
54	2008-09	West Virginia	875	2	0	9	55	809	-2	-2	908	2	2	7	58	839	-2	-2	896	2	2	12	43	837	-2	-2	765	2	3	6	32	722	-2	-2	3444	8	7	34	188	3207	-2	-2	23730	20966	19642	18914	83252	95	584	706	4247	77620	-2	-2	3.7	4.3	4.6	4.0	4.1	8.4	1.2	4.8	4.4	4.1	-2.0	-2.0	17690	16	149	140	741	16644	-2	-2	22983	28	136	159	1056	21603	77.0	57.1	100.0	88.1	70.2	77.0	-2	-2	-2	-2	-2	-2	-2	-2	1690	6	19	48	172	1433	-2	-2	5
55	2008-09	Wisconsin	944	13	17	203	600	111	-2	-2	610	19	14	85	354	138	-2	-2	1414	34	44	223	625	488	-2	-2	3444	150	131	374	693	2096	-2	-2	6412	216	206	885	2272	2833	-2	-2	71676	69408	71339	71799	284222	4373	10161	17124	28278	224232	-2	-2	1.3	0.9	2.0	4.8	2.3	4.9	2.0	5.2	8.0	1.3	-2.0	-2.0	65410	848	2533	3122	4920	53987	-2	-2	72089	1145	2545	4039	7540	56820	90.7	74.1	99.5	77.3	65.3	95.0	856	19	28	82	71	656	-2	-2	2197	89	53	141	271	1446	-2	-2	5
56	2008-09	Wyoming	44	9	0	12	1	22	-2	-2	105	16	0	27	5	57	-2	-2	61	10	0	11	0	39	-2	-2	77	4	1	17	4	51	-2	-2	287	39	1	67	10	169	-2	-2	7027	7029	6359	6111	26526	858	313	2450	366	22539	-2	-2	0.6	1.5	1.0	1.3	1.1	4.5	0.3	2.7	2.7	0.7	-2.0	-2.0	5493	130	69	414	65	4815	-2	-2	7307	289	79	595	100	6245	75.2	45.0	87.3	69.6	65.0	77.1	123	5	4	13	1	100	-2	-2	591	28	6	73	13	448	-2	-2	5
58	2008-09	DoD Overseas	-1	-1	-1	-1	-1	-1	-1	-1	-1	-1	-1	-1	-1	-1	-1	-1	-1	-1	-1	-1	-1	-1	-1	-1	-1	-1	-1	-1	-1	-1	-1	-1	-1	-1	-1	-1	-1	-1	-1	-1	-1	-1	-1	-1	-1	-1	-1	-1	-1	-1	-1	-1	-1.0	-1.0	-1.0	-1.0	-1.0	-1.0	-1.0	-1.0	-1.0	-1.0	-1.0	-1.0	-1	-1	-1	-1	-1	-1	-1	-1	-1	-1	-1	-1	-1	-1	-1.0	-1.0	-1.0	-1.0	-1.0	-1.0	-1	-1	-1	-1	-1	-1	-1	-1	-1	-1	-1	-1	-1	-1	-1	-1	5
59	2008-09	Bureau of Indian Education	-1	-1	-1	-1	-1	-1	-1	-1	-1	-1	-1	-1	-1	-1	-1	-1	-1	-1	-1	-1	-1	-1	-1	-1	-1	-1	-1	-1	-1	-1	-1	-1	-1	-1	-1	-1	-1	-1	-1	-1	-1	-1	-1	-1	-1	-1	-1	-1	-1	-1	-1	-1	-1.0	-1.0	-1.0	-1.0	-1.0	-1.0	-1.0	-1.0	-1.0	-1.0	-1.0	-1.0	-1	-1	-1	-1	-1	-1	-1	-1	-1	-1	-1	-1	-1	-1	-1.0	-1.0	-1.0	-1.0	-1.0	-1.0	-1	-1	-1	-1	-1	-1	-1	-1	-1	-1	-1	-1	-1	-1	-1	-1	5
60	2008-09	American Samoa	-1	-1	-1	-1	-1	-1	-1	-1	-1	-1	-1	-1	-1	-1	-1	-1	-1	-1	-1	-1	-1	-1	-1	-1	-1	-1	-1	-1	-1	-1	-1	-1	-1	-1	-1	-1	-1	-1	-1	-1	-1	-1	-1	-1	-1	-1	-1	-1	-1	-1	-1	-1	-1.0	-1.0	-1.0	-1.0	-1.0	-1.0	-1.0	-1.0	-1.0	-1.0	-1.0	-1.0	-1	-1	-1	-1	-1	-1	-1	-1	-1	-1	-1	-1	-1	-1	-1.0	-1.0	-1.0	-1.0	-1.0	-1.0	-1	-1	-1	-1	-1	-1	-1	-1	1	-1	-1	-1	-1	-1	-1	-2	5
61	2008-09	DoD Domestic	-1	-1	-1	-1	-1	-1	-1	-1	-1	-1	-1	-1	-1	-1	-1	-1	-1	-1	-1	-1	-1	-1	-1	-1	-1	-1	-1	-1	-1	-1	-1	-1	-1	-1	-1	-1	-1	-1	-1	-1	-1	-1	-1	-1	-1	-1	-1	-1	-1	-1	-1	-1	-1.0	-1.0	-1.0	-1.0	-1.0	-1.0	-1.0	-1.0	-1.0	-1.0	-1.0	-1.0	-1	-1	-1	-1	-1	-1	-1	-1	-1	-1	-1	-1	-1	-1	-1.0	-1.0	-1.0	-1.0	-1.0	-1.0	-1	-1	-1	-1	-1	-1	-1	-1	-1	-1	-1	-1	-1	-1	-1	-1	5
66	2008-09	Guam	-1	-1	-1	-1	-1	-1	-1	-1	-1	-1	-1	-1	-1	-1	-1	-1	-1	-1	-1	-1	-1	-1	-1	-1	-1	-1	-1	-1	-1	-1	-1	-1	-1	-1	-1	-1	-1	-1	-1	-1	-1	-1	-1	-1	-1	-1	-1	-1	-1	-1	-1	-1	-1.0	-1.0	-1.0	-1.0	-1.0	-1.0	-1.0	-1.0	-1.0	-1.0	-1.0	-1.0	-1	-1	-1	-1	-1	-1	-1	-1	-1	-1	-1	-1	-1	-1	-1.0	-1.0	-1.0	-1.0	-1.0	-1.0	-1	-1	-1	-1	-1	-1	-1	-1	31	-1	-1	-1	-1	-1	-1	-2	5
69	2008-09	Northern Marianas Islands	-1	-1	-1	-1	-1	-1	-1	-1	-1	-1	-1	-1	-1	-1	-1	-1	-1	-1	-1	-1	-1	-1	-1	-1	-1	-1	-1	-1	-1	-1	-1	-1	-1	-1	-1	-1	-1	-1	-1	-1	-1	-1	-1	-1	-1	-1	-1	-1	-1	-1	-1	-1	-1.0	-1.0	-1.0	-1.0	-1.0	-1.0	-1.0	-1.0	-1.0	-1.0	-1.0	-1.0	-1	-1	-1	-1	-1	-1	-1	-1	-1	-1	-1	-1	-1	-1	-1.0	-1.0	-1.0	-1.0	-1.0	-1.0	-1	-1	-1	-1	-1	-1	-1	-1	2	-1	-1	-1	-1	-1	-1	-2	5
72	2008-09	Puerto Rico	-1	-1	-1	-1	-1	-1	-1	-1	-1	-1	-1	-1	-1	-1	-1	-1	-1	-1	-1	-1	-1	-1	-1	-1	-1	-1	-1	-1	-1	-1	-1	-1	-1	-1	-1	-1	-1	-1	-1	-1	39849	39893	33566	30419	147957	14	28	147753	28	133	-2	-2	-1.0	-1.0	-1.0	-1.0	-1.0	-1.0	-1.0	-1.0	-1.0	-1.0	-1.0	-1.0	29286	-1	-1	-1	-1	-1	-2	-2	43594	0	0	43594	0	0	67.2	-2.0	-2.0	-1.0	-2.0	-2.0	-2	-2	-2	-2	-2	-2	-2	-2	-1	-1	-1	-1	-1	-1	-1	-2	5
78	2008-09	U.S. Virgin Islands	196	0	0	29	166	1	-2	-2	80	0	0	16	62	2	-2	-2	62	0	0	4	58	0	-2	-2	49	1	0	8	40	0	-2	-2	387	1	0	57	326	3	-2	-2	1856	1253	1036	1056	5201	8	9	620	4528	36	-2	-2	10.6	6.4	6.0	4.6	7.4	12.5	0.0	9.2	7.2	8.3	-2.0	-2.0	940	3	1	97	833	6	-2	-2	1490	6	2	186	1289	7	63.1	50.0	50.0	52.2	64.6	85.7	-2	-2	-2	-2	-2	-2	-2	-2	48	-1	-1	-1	-1	-1	-1	-2	5
